1                   10                      30
2                   20                     60
3                   30                     90
4                    9                      27
5                   19                     57
6                    29                     87
7                    8                      24
8                   18                     54
9                   28                     84
10                  7                      21
11                  17                     51
12                  27                     81
13                  6                      18
14                  16                     48
15                  26                     78
16                  5                      15
17                  15                     45
18                  25                     75
19                  4                      12
20                  14                     42
21                  24                     72
22                  3                        9
23                  13                     39
24                  23                     69
25                  2                        6
26                  12                     36
27                  22                     66
28                  1                        3
29                  11                     33
30                  21                     63
31                  0                        0